25
0 0 0 1 0 3 0 0 0 0 0 3 0 0 0 0 0 0 0 0 0 1 1 0 0 
0 0 0 0 0 0 0 0 0 0 0 0 3 3 0 0 0 0 0 0 0 0 0 0 0 
0 0 0 0 0 3 0 1 0 0 3 0 0 0 0 0 0 1 1 0 0 0 0 0 0 
1 0 0 0 0 3 0 0 0 3 0 3 0 0 0 0 3 0 0 0 0 0 0 0 0 
0 0 0 0 0 3 0 0 0 3 0 0 0 1 0 0 1 0 0 0 0 0 0 0 0 
3 0 3 3 3 0 3 3 0 0 0 0 3 3 0 0 0 0 0 0 0 0 0 0 0 
0 0 0 0 0 3 0 0 3 0 0 0 1 0 0 0 0 0 0 0 0 0 0 3 0 
0 0 1 0 0 3 0 0 3 0 3 0 0 0 0 0 0 0 0 0 0 0 0 3 0 
0 0 0 0 0 0 3 3 0 0 0 0 0 0 0 0 0 0 0 0 0 0 0 3 0 
0 0 0 3 3 0 0 0 0 0 0 0 0 0 0 0 1 0 0 0 0 0 0 0 0 
0 0 3 0 0 0 0 3 0 0 0 0 0 0 0 0 0 0 0 3 0 0 0 0 0 
3 0 0 3 0 0 0 0 0 0 0 0 0 0 0 0 0 0 0 0 3 0 0 0 0 
0 3 0 0 0 3 1 0 0 0 0 0 0 0 0 0 0 0 0 0 0 0 0 0 0 
0 3 0 0 1 3 0 0 0 0 0 0 0 0 0 0 0 0 0 0 0 0 0 0 0 
0 0 0 0 0 0 0 0 0 0 0 0 0 0 0 0 0 0 0 0 0 0 0 0 3 
0 0 0 0 0 0 0 0 0 0 0 0 0 0 0 0 0 0 0 0 0 0 0 0 3 
0 0 0 3 1 0 0 0 0 1 0 0 0 0 0 0 0 0 0 0 0 0 0 0 0 
0 0 1 0 0 0 0 0 0 0 0 0 0 0 0 0 0 0 0 3 0 0 0 0 0 
0 0 1 0 0 0 0 0 0 0 0 0 0 0 0 0 0 0 0 3 0 0 0 0 0 
0 0 0 0 0 0 0 0 0 0 3 0 0 0 0 0 0 3 3 0 0 0 0 0 0 
0 0 0 0 0 0 0 0 0 0 0 3 0 0 0 0 0 0 0 0 0 3 3 0 0 
1 0 0 0 0 0 0 0 0 0 0 0 0 0 0 0 0 0 0 0 3 0 0 0 0 
1 0 0 0 0 0 0 0 0 0 0 0 0 0 0 0 0 0 0 0 3 0 0 0 0 
0 0 0 0 0 0 3 3 3 0 0 0 0 0 0 0 0 0 0 0 0 0 0 0 0 
0 0 0 0 0 0 0 0 0 0 0 0 0 0 3 3 0 0 0 0 0 0 0 0 0 
25
93
106
874
933
1645
131
476
527
641
738
850
469
1111
742
1341
506
1059
555
668
566
1334
309
468
324
908
684
817
682
1015
264
725
243
305
887
1338
370
1340
422
1093
486
676
488
473
388
470
439
1488
866
849
430
Number of vertices in the graph:25
Number of edges in the graph:40
