17
0 0 0 0 1 0 1 1 0 0 0 0 0 0 0 0 0 
0 0 0 0 1 0 0 0 0 0 0 0 0 1 0 1 0 
0 0 0 0 1 0 0 0 0 0 1 0 0 0 0 0 1 
0 0 0 0 1 0 0 0 0 1 0 1 0 0 0 0 0 
1 1 1 1 0 1 1 1 1 1 1 1 1 1 1 1 1 
0 0 0 0 1 0 1 0 0 0 1 0 0 0 0 0 0 
1 0 0 0 1 1 0 0 0 0 0 0 0 0 0 0 0 
1 0 0 0 1 0 0 0 1 0 0 0 0 0 0 0 0 
0 0 0 0 1 0 0 1 0 1 0 0 0 0 0 0 0 
0 0 0 1 1 0 0 0 1 0 0 0 0 0 0 0 0 
0 0 1 0 1 1 0 0 0 0 0 0 0 0 0 0 0 
0 0 0 1 1 0 0 0 0 0 0 0 1 0 0 0 0 
0 0 0 0 1 0 0 0 0 0 0 1 0 1 0 0 0 
0 1 0 0 1 0 0 0 0 0 0 0 1 0 0 0 0 
0 0 0 0 1 0 0 0 0 0 0 0 0 0 0 1 1 
0 1 0 0 1 0 0 0 0 0 0 0 0 0 1 0 0 
0 0 1 0 1 0 0 0 0 0 0 0 0 0 1 0 0 
17
777
166
794
830
380
463
1204
494
788
485
652
348
739
352
824
350
911
348
909
423
649
418
912
542
914
602
849
603
660
599
726
604
656
528
Number of vertices in the graph:17
Number of edges in the graph:32
