19
0 3 0 0 0 0 0 0 0 0 0 0 0 0 0 0 0 0 0 
3 0 0 3 0 0 0 0 0 0 0 0 0 0 0 0 0 0 0 
0 0 0 3 3 0 0 3 0 0 0 0 0 0 0 0 0 0 0 
0 3 3 0 0 0 0 0 0 0 0 0 0 0 0 0 0 0 0 
0 0 3 0 0 3 0 0 0 0 0 0 0 3 0 0 0 0 0 
0 0 0 0 3 0 3 3 0 0 0 0 0 0 0 0 0 0 0 
0 0 0 0 0 3 0 0 0 3 0 3 0 0 0 0 0 0 0 
0 0 3 0 0 3 0 0 3 0 0 0 0 0 0 0 0 0 0 
0 0 0 0 0 0 0 3 0 0 0 0 3 0 0 0 0 0 0 
0 0 0 0 0 0 3 0 0 0 3 0 0 0 0 0 0 0 0 
0 0 0 0 0 0 0 0 0 3 0 0 0 0 0 0 0 0 0 
0 0 0 0 0 0 3 0 0 0 0 0 3 0 0 0 0 0 0 
0 0 0 0 0 0 0 0 3 0 0 3 0 0 0 0 0 0 0 
0 0 0 0 3 0 0 0 0 0 0 0 0 0 0 0 3 3 0 
0 0 0 0 0 0 0 0 0 0 0 0 0 0 0 3 0 0 0 
0 0 0 0 0 0 0 0 0 0 0 0 0 0 3 0 3 0 0 
0 0 0 0 0 0 0 0 0 0 0 0 0 3 0 3 0 0 0 
0 0 0 0 0 0 0 0 0 0 0 0 0 3 0 0 0 0 3 
0 0 0 0 0 0 0 0 0 0 0 0 0 0 0 0 0 3 0 
19
351
464
472
359
726
360
609
362
809
442
952
387
1073
330
891
252
1020
198
1165
462
1338
475
1264
223
1170
212
818
571
946
854
890
759
853
674
938
593
1120
648
Number of vertices in the graph:19
Number of edges in the graph:20
