20
0 0 0 0 1 0 0 0 0 1 1 0 0 0 1 1 0 1 0 1 
0 0 0 0 0 0 1 0 1 0 0 1 1 1 0 0 0 1 0 1 
0 0 0 0 0 1 0 0 1 1 0 0 0 1 1 0 1 0 1 0 
0 0 0 0 0 0 0 1 0 0 1 1 1 0 0 1 1 0 1 0 
1 0 0 0 0 0 0 0 0 0 0 0 0 0 1 1 0 0 0 0 
0 0 1 0 0 0 0 0 0 0 0 0 0 1 1 0 0 0 0 0 
0 1 0 0 0 0 0 0 0 0 0 0 1 1 0 0 0 0 0 0 
0 0 0 1 0 0 0 0 0 0 0 0 1 0 0 1 0 0 0 0 
0 1 1 0 0 0 0 0 0 1 0 1 0 0 0 0 0 0 0 0 
1 0 1 0 0 0 0 0 1 0 1 0 0 0 0 0 0 0 0 0 
1 0 0 1 0 0 0 0 0 1 0 1 0 0 0 0 0 0 0 0 
0 1 0 1 0 0 0 0 1 0 1 0 0 0 0 0 0 0 0 0 
0 1 0 1 0 0 1 1 0 0 0 0 0 0 0 0 0 0 0 0 
0 1 1 0 0 1 1 0 0 0 0 0 0 0 0 0 0 0 0 0 
1 0 1 0 1 1 0 0 0 0 0 0 0 0 0 0 0 0 0 0 
1 0 0 1 1 0 0 1 0 0 0 0 0 0 0 0 0 0 0 0 
0 0 1 1 0 0 0 0 0 0 0 0 0 0 0 0 0 0 0 0 
1 1 0 0 0 0 0 0 0 0 0 0 0 0 0 0 0 0 0 0 
0 0 1 1 0 0 0 0 0 0 0 0 0 0 0 0 0 0 0 0 
1 1 0 0 0 0 0 0 0 0 0 0 0 0 0 0 0 0 0 0 
20
778
378
775
539
695
445
872
449
773
53
392
447
775
817
1222
452
548
653
541
222
1009
222
1016
644
906
554
646
552
650
320
894
330
776
221
545
440
774
648
1018
449
Number of vertices in the graph:20
Number of edges in the graph:40
